375 	422 	464
0 		0 		0
444		441		445
1111	435		451
0 		0 		0
0 		0 		0
0 		0 		0
0 		0 		0
0 		0 		0
0 		0 		0
0 		0 		0
0 		0 		0
0 		0 		0
0 		0 		0
0 		0 		0
1092	459		427
0 		0 		0
1100	452		434
0 		0 		0
0 		0 		0
0 		0 		0
0 		0 		0
154	414	472
762	453	433
0 		0 		0
193	439	447
747	441	445
0 		0 		0
0 		0 		0
0 		0 		0
0 		0 		0
0 		0 		0
0 		0 		0
0 		0 		0
0 		0 		0
0 		0 		0
0 		0 		0
208	442	444
0 		0 		0
0 		0 		0
0 		0 		0
0 		0 		0
0 		0 		0
0 		0 		0
800		426		460
0 		0 		0
0 		0 		0
0 		0 		0
0 		0 		0
0 		0 		0
0 		0 		0
0 		0 		0
0 		0 		0
0 		0 		0
0 		0 		0
0 		0 		0
0 		0 		0
0 		0 		0
1		435		451
460		432		454
0 		0 		0
0 		0 		0
0 		0 		0
0 		0 		0
0 		0 		0
0 		0 		0
40	494	392
457	484	402
0 		0 		0
0 		0 		0
0 		0 		0
0 		0 		0
0 		0 		0
0 		0 		0
0 		0 		0
0 		0 		0
0 		0 		0
0 		0 		0
0 		0 		0
0 		0 		0
0 		0 		0
0 		0 		0
0 		0 		0
0 		0 		0
0 		0 		0
0 		0 		0
0 		0 		0
0 		0 		0
0 		0 		0
0 		0 		0
42	474	412
472	465	421
0 		0 		0
0 		0 		0
0 		0 		0
0 		0 		0
0 		0 		0
0 		0 		0
0 		0 		0
0 		0 		0
0 		0 		0
0 		0 		0
27	477	409
500	465	421
0 		0 		0
0 		0 		0
0 		0 		0
0 		0 		0
0 		0 		0
0 		0 		0
0 		0 		0
0 		0 		0
0 		0 		0
0 		0 		0
80	563	323
421	574	312
0 		0 		0
0 		0 		0
0 		0 		0
0 		0 		0
0 		0 		0
0 		0 		0
0 		0 		0
0 		0 		0
0 		0 		0
0 		0 		0
0 		0 		0
0 		0 		0
0 		0 		0
0 		0 		0
0 		0 		0
0 		0 		0
0 		0 		0
0 		0 		0
0 		0 		0
0 		0 		0
0 		0 		0
0 		0 		0
0 		0 		0
0 		0 		0
0 		0 		0
0 		0 		0
0 		0 		0
0 		0 		0
51	559	327
378	550	336
0 		0 		0
0 		0 		0
0 		0 		0
